"Marinobacter_adhaerens_HP15" "Marinobacter_sp_tcs_11" "Marinobacter_excellens_HL_55" "Marinobacter_sp_UBA4489" "Marinobacter_sp_CPC8" "Marinobacter_sp_UBA3604" "Marinobacter_salarius_SMR5" "Marinobacter_sp_UBA2698" "Marinobacter_sp_BSs20148" "Marinobacter_sp_ES_042" "Marinobacter_sp_DSM_26671" "Marinobacter_santoriniensis_NKSG1" "Marinobacter_sp_ES_048" "Marinobacter_sp_AC_23" "Marinobacter_sp_EN3" "Marinobacter_subterrani_JG233" "Marinobacter_zhejiangensis_CGMCC_1_7061" "Marinobacter_nitrareduscens_AK21" "Marinobacter_algicola_DG893" "Marinobacter_sp_DSM_26291" "Marinobacter_sp_EhN04" "Marinobacter_lipoliticus_BF04_CF_4" "Marinobacter_sp_IN6" "Marinobacter_sp_ELB17" "Marinobacter_mobilis_GCMCC_1_7059" "Marinobacter_dagiaonensis_CGMCC_1_9167" "Marinobacter_flavimaris" "Marinobacter_sp_HL_58" ".faa" "Marinobacter_sp_ES_1" "Marinobacter_sp_LV10R520_4" "Marinobacter_sp_LQ44" "Marinobacter_daepoensis_DSM_16072" "Marinobacter_sp_HK15" "Marinobacter_antarcticus_CGMCC1_10835" "Marinobacter_lutaoensis_T5054" "Marinobacter_sp_LV10R510_11A" "Marinobacter_sp_C1S70" "Marinobacter_hydrocarbonoclasticus_STW2" "Marinobacter_guineae_strain_M3B" "Marinobacter_excellens_LAMA_842" "Marinobacter_sp_FDB33" "Marinobacter_sp_P4B1" "Marinobacter_sp_DG879" "Marinobacter_adhaerens_strain_PBVC038" "Marinobacter_sp_CP1" "Marinobacter_sp_YWL01" "Marinobacter_sp_EVN1" "Marinobacter_psychrophilus_20041" "Marinobacter_sp_LV10MA510_1" "Marinobacter_sp_C18" "Marinobacter_sp_LV10R510_8" "Marinobacter_sp_MCTG268" "Marinobacter_aromaticivorans_strain_D15_8P" "Marinobacter_hydrocarbonoclasticus_ATCC_49840" "Marinobacter_manganoxydans_MnI7_9" "Marinobacter_sp_ANT_B65" "Marinobacter_sp_N4" "Marinobacter_pelagius_CGMCC_1_6775" "Marinobacter_segnicrescens_CGMCC_1_6489" "Marinobacter_nanhaiticus_D15_8W" "Marinobacter_persicus_IBRC_M_10445" "Marinobacter_lipolyticus_SM19" "Marinobacter_sp_LVR2A5A20" "Marinobacter_hydrocarbonoclasticus_ASM1536" "Marinobacter_salinus_Hb8" "Marinobacter_sp_X15_166B" "Marinobacter_vinifirmus_FB1" "Marinobacter_sp_PWS21" "Marinobacter_salexigens_strain_HJR7" "Marinobacter_sp_EhC06" "Marinobacter_guaonensis_CGCC_1_6294"
"Marinobacter_adhaerens_HP15" 100 80.08 78.93 96.81 79.06 79.35 79.58 70.37 74.94 97.04 96.54 79.96 93.94 79.79 80.27 87.25 73.67 80.75 79.55 79.3 93.83 76.08 96.44 74.92 73.93 73 97.18 79.28 78.75 79.86 75.09 79.53 78.63 79.49 81.06 78.06 79.5 80.17 79.48 88.27 79.82 80.76 79.62 81.86 93.28 96.68 98.41 80.14 74.59 75.13 79.35 79.34 79.52 80.43 80.31 96.31 79.83 93.37 82.45 72.82 71.09 78.24 80.35 79.7 79.95 83.75 72.44 79.76 78 79.5 93.82 87.05
"Marinobacter_sp_tcs_11" 80.08 100 82.41 80.48 76.61 76.9 76.21 69.79 73.87 80.38 80.68 78.75 79.8 77.37 97.29 79.58 73.25 78.83 76.93 77.07 80.62 74.42 80.05 73 73.28 72.45 80.78 76.92 76.56 85.38 73.88 84.48 86.99 76.86 77.89 76.96 76.9 97.04 84.08 79.66 84.46 78.86 85.08 78.52 80.44 80.64 80.07 97.11 73.59 73.99 76.11 76.8 76.85 77.94 97.32 80.69 77.59 80.22 80.33 73.1 70.21 80.39 78.07 76.54 97.15 79.16 71.84 85.24 77.07 77.17 80.62 79.99
"Marinobacter_excellens_HL_55" 78.93 82.41 100 79.27 75.85 76.08 76.09 68.79 73.45 79.26 79.13 77.79 78.97 76.71 82.51 78.6 72.57 77.63 76.16 76.21 79.31 74.49 79.09 73.19 72.51 71.78 79.24 76.49 75.7 83.21 73.51 86.4 81.18 76.08 77.38 76.4 76.69 82.54 86.32 79.27 86.72 77.73 82.95 77.57 79.31 79.28 78.96 82.33 73.05 73.65 75.85 76.61 76.14 77.26 82.42 79.27 76.63 79.3 79.16 72.03 69.07 79.19 77.41 76.75 82.31 78.5 71.29 82.93 75.92 76.7 79.31 78.68
"Marinobacter_sp_UBA4489" 96.81 80.48 79.27 100 79.45 79.7 79.52 70.65 74.93 96.19 97.74 80.14 93.87 80.06 80.59 87.32 73.73 81.06 79.63 79.71 93.85 76.08 97.54 75 73.81 73.39 97.87 79.74 79.11 80.49 75.03 80.36 78.91 79.83 81.19 78.68 79.95 80.23 80.07 88.24 80.26 81.53 80.48 82.41 92.94 100 97.01 80.35 74.84 75.19 80.23 79.83 79.69 80.67 80.35 97.64 80.31 93.75 82.89 73.66 70.52 78.55 80.44 79.7 80.71 83.86 72.36 80.31 78.81 79.77 93.85 87.17
"Marinobacter_sp_CPC8" 79.06 76.61 75.85 79.45 100 99.71 97.67 71.04 73.26 78.96 79.8 76.78 79.39 76.68 77.26 78.92 73.78 77.18 95.41 98 79.21 74.51 79.24 73.36 74.01 72.86 79.16 85.88 97.76 77.38 73.51 77.03 75.77 97.77 77.66 75.76 76.4 77 76.73 79.39 76.72 80.78 77.2 78.29 79.23 79.42 78.89 76.82 73.12 73.52 98.02 76.25 97.52 76.97 76.54 79.21 76.91 79.27 78.39 73.1 70.61 76.01 80.37 76.38 76.99 78.98 72.5 77.13 77.51 76.32 79.21 78.77
"Marinobacter_sp_UBA3604" 79.35 76.9 76.08 79.7 99.71 100 98.09 71.29 73.45 79.2 79.94 77.12 79.63 76.89 77.52 79.15 73.99 77.44 95.76 98.42 79.46 74.62 79.55 73.63 74.22 73.08 79.47 86.21 98.2 77.53 73.76 77.22 76.03 98.12 77.89 75.98 76.69 77.24 77.02 79.63 77.04 81.12 77.48 78.52 79.43 79.68 79.18 77.11 73.29 73.78 98.41 76.52 97.91 77.23 76.83 79.42 77.1 79.52 78.65 73.29 70.84 76.27 80.6 76.63 77.1 79.28 72.71 77.35 77.84 76.6 79.45 79.01
"Marinobacter_salarius_SMR5" 79.58 76.21 76.09 79.52 97.67 98.09 100 71.28 73.7 79.32 79.58 77.18 79.8 76.93 77.34 79.18 74.06 77.37 96.06 98.39 79.67 74.09 79.16 73.09 74.27 73.04 79.42 86.39 98.35 77.36 73.77 77.07 76.1 98.88 77.86 75.3 76.87 77.08 76.97 79.62 77.08 81.05 77.3 78.46 79.85 79.54 79.29 76.97 73.33 73.93 97.24 76.63 98.05 77.15 76.89 79.39 77.11 79.58 78.75 73.12 71.07 76.01 80.67 76.77 76.27 79.2 72.7 77.44 77.88 76.85 79.66 79.08
"Marinobacter_sp_UBA2698" 70.37 69.79 68.79 70.65 71.04 71.29 71.28 100 68.07 70.11 70.56 69.75 70.09 69.66 69.75 70.3 70.13 70.08 71.16 71.13 70.49 69.81 70.2 68.14 69.87 69.19 70.55 70.21 70.84 70.22 68.34 69.89 69.04 70.91 70.16 69.89 69.84 69.8 69.35 70.26 69.72 71.34 70.24 70.45 70.45 70.97 70.28 69.65 68.01 68.4 71.45 69.7 71 69.85 69.46 70.95 69.61 70.22 70.42 69.48 76.32 69.71 70.61 69.67 69.58 70.43 69.38 70.27 71.05 69.32 70.49 70.25
"Marinobacter_sp_BSs20148" 74.94 73.87 73.45 74.93 73.26 73.45 73.7 68.07 100 75.09 75 73.59 74.83 76.04 74.24 75.01 70.57 74.39 73.98 73.55 74.91 94.35 74.81 94.79 70.67 69.83 75.17 73.44 72.98 74.58 93.04 73.85 73.56 73.73 76.51 73.21 76.31 74.08 73.6 75.24 73.92 74.07 74.36 74.78 74.91 74.92 74.92 73.93 97.34 93.14 73.48 76.23 73.49 75.59 73.9 74.91 75.47 75.06 74.9 69.63 68.25 73.16 74.03 76.25 73.66 75.39 70.81 74.29 73.71 75.55 74.91 74.87
"Marinobacter_sp_ES_042" 97.04 80.38 79.26 96.19 78.96 79.2 79.32 70.11 75.09 100 96.1 80.01 93.92 80.24 80.55 87.12 73.57 81.07 79.36 79.23 93.52 75.92 95.86 74.87 74.11 73.23 96.57 79.66 78.57 80.22 74.94 80.01 78.83 79.44 81.14 78.64 80.05 80.3 80.12 87.96 80.2 81.04 79.95 81.99 92.76 96.1 96.92 80.13 74.89 75.16 79.45 79.84 79.29 80.59 80.22 95.89 80.17 93.09 82.41 73.12 70.42 77.91 80.53 79.82 80.41 83.67 72.63 79.96 77.99 79.65 93.52 86.95
"Marinobacter_sp_DSM_26671" 96.54 80.68 79.13 97.74 79.8 79.94 79.58 70.56 75 96.1 100 79.95 93.55 80.04 80.68 87.37 73.9 80.97 79.6 79.8 93.61 76.19 97.21 74.82 74.05 73.36 97.75 79.66 79.31 80.49 75.01 80.42 78.63 79.62 81.08 78.56 79.69 80.49 80 88.25 80.12 81.2 80.06 82.5 92.92 97.52 96.72 80.34 74.67 74.89 79.95 79.59 80.04 80.45 80.26 97.33 80.24 93.8 82.65 73.72 70.79 78.64 80.49 79.32 80.87 83.65 72.36 80.19 78.85 79.61 93.61 87.04
"Marinobacter_santoriniensis_NKSG1" 79.96 78.75 77.79 80.14 76.78 77.12 77.18 69.75 73.59 80.01 79.95 100 80.05 77.14 78.98 80.24 73.29 79.79 77.12 77.09 80.09 74.85 80.08 73.54 73.62 72.29 79.94 76.95 76.74 78.73 73.75 78.57 77.96 77.22 77.98 79.38 77 78.84 78.44 80.23 78.31 78.58 78.58 78.89 80.26 80.17 79.88 78.92 73.45 73.94 77.02 76.93 77.18 77.72 78.64 80.18 77.49 80.4 83.13 72.38 70.39 77.09 78.27 76.89 78.64 80.16 71.73 78.47 77 76.99 80.09 80.27
"Marinobacter_sp_ES_048" 93.94 79.8 78.97 93.87 79.39 79.63 79.8 70.09 74.83 93.92 93.55 80.05 100 79.9 80.13 86.96 73.83 81.14 79.7 79.5 93.86 76.1 93.33 74.99 73.99 72.92 93.93 79.42 79.12 79.94 74.84 79.6 78.54 79.66 81.05 78.49 79.92 80.02 79.57 88.4 79.57 80.62 79.87 81.75 92.88 93.88 93.94 79.76 74.54 75.01 79.6 79.77 79.35 80.34 80 93.65 79.96 93.84 82.5 72.73 70.68 78.08 80.61 79.82 79.82 83.68 72.19 79.85 77.61 79.48 93.86 86.62
"Marinobacter_sp_AC_23" 79.79 77.37 76.71 80.06 76.68 76.89 76.93 69.66 76.04 80.24 80.04 77.14 79.9 100 77.71 79.83 72.64 78.06 76.86 76.99 79.82 77.57 79.82 76.7 72.74 71.57 79.91 76.76 76.52 77.88 76.76 77.01 76.67 77.08 88.27 76.18 89.1 77.65 77.12 80.3 77.08 77.72 77.69 78.53 80 79.94 79.88 77.3 76.03 76.95 76.94 88.93 76.87 86.88 77.44 80.08 86.14 80.3 79.02 71.96 69.44 75.82 77.62 88.9 77.39 79.97 72.82 77.42 76.48 86.85 79.82 79.35
"Marinobacter_sp_EN3" 80.27 97.29 82.51 80.59 77.26 77.52 77.34 69.75 74.24 80.55 80.68 78.98 80.13 77.71 100 79.79 73.41 79.06 77.21 77.33 80.76 75.31 80.17 73.84 73.42 72.57 80.4 77.34 76.72 86.1 74.34 84.68 87.24 77.21 78.03 78.2 77.08 98.04 84.55 80.12 84.42 78.88 85.32 78.88 80.58 80.73 80.35 97.7 73.78 74.28 77.29 77.05 77.03 78.34 97.87 80.71 77.79 80.59 80.83 73.07 70.25 80.9 78.24 76.97 97.53 79.45 72.26 85.5 77.17 77.62 80.76 80.31
"Marinobacter_subterrani_JG233" 87.25 79.58 78.6 87.32 78.92 79.15 79.18 70.3 75.01 87.12 87.37 80.24 86.96 79.83 79.79 100 73.65 80.92 79.22 79.19 87.68 76.18 87.22 75.23 73.93 73.17 87.33 79.33 78.95 80 74.76 79.57 78.65 79.41 80.79 78.62 79.55 79.84 79.69 89.29 79.75 80.43 79.63 81.4 87.28 87.4 87.21 79.59 74.92 74.99 79.4 79.38 79.19 79.99 79.73 87.39 79.91 87.81 82.27 73.19 70.98 77.79 80.38 79.31 79.93 82.98 72.55 79.67 78.02 79.22 87.72 85.76
"Marinobacter_zhejiangensis_CGMCC_1_7061" 73.67 73.25 72.57 73.73 73.78 73.99 74.06 70.13 70.57 73.57 73.9 73.29 73.83 72.64 73.41 73.65 100 73.65 74.04 73.97 73.45 72 73.7 70.7 84.8 71.29 73.57 73.86 73.57 73.74 70.53 73.11 73.07 74.11 73.28 73.35 72.55 73.6 73.14 73.63 73.22 74.28 73.65 73.44 73.97 73.8 73.64 73.1 70.66 70.96 74 72.43 74.16 72.92 73.32 73.95 72.81 73.97 73.89 71.43 70 72.8 74.04 72.41 73.26 73.69 72.93 73.6 75.09 72.37 73.46 74.03
"Marinobacter_nitrareduscens_AK21" 80.75 78.83 77.63 81.06 77.18 77.44 77.37 70.08 74.39 81.07 80.97 79.79 81.14 78.06 79.06 80.92 73.65 100 77.47 77.36 80.91 75.85 80.81 74.16 73.77 72.24 81.05 77.26 77.05 79.05 74.37 78.46 78.18 77.32 79.06 78.3 78.08 78.99 78.39 80.86 78.44 78.96 78.65 80.78 81.36 81.12 80.8 78.83 74.1 74.42 77.31 78.01 77.51 78.54 78.76 81.01 78.57 81.06 81.43 72.37 70.56 77.04 78.77 78.04 78.81 81.89 72.16 78.7 77.19 77.98 80.91 81.14
"Marinobacter_algicola_DG893" 79.55 76.93 76.16 79.63 95.41 95.76 96.06 71.16 73.98 79.36 79.6 77.12 79.7 76.86 77.21 79.22 74.04 77.47 100 95.82 79.51 74.85 79.21 73.71 74.24 73.08 79.54 86.38 95.78 77.46 73.64 77.05 76.01 96.19 77.88 75.96 76.62 77.13 76.93 79.58 77 81.02 77.44 78.39 79.93 79.6 79.41 77.05 73.41 73.9 95.69 76.49 95.6 77.12 76.85 79.39 77 79.52 78.68 73.14 70.88 75.85 80.56 76.84 76.84 79.28 72.79 77.34 77.89 76.52 79.55 79.05
"Marinobacter_sp_DSM_26291" 79.3 77.07 76.21 79.71 98 98.42 98.39 71.13 73.55 79.23 79.8 77.09 79.5 76.99 77.33 79.19 73.97 77.36 95.82 100 79.47 74.61 79.63 73.54 74.07 72.97 80 86.22 100 77.4 73.55 77.34 75.93 98.45 77.75 76.03 76.62 77.05 76.95 79.91 76.94 81.15 77.43 78.54 79.81 79.68 78.78 76.87 73.35 73.71 98.89 76.5 97.91 76.97 77 79.47 77.14 79.61 78.63 73.48 70.94 76.15 80.6 76.37 77.1 79.18 72.74 77.22 77.97 76.62 79.47 79.01
"Marinobacter_sp_EhN04" 93.83 80.62 79.31 93.85 79.21 79.46 79.67 70.49 74.91 93.52 93.61 80.09 93.86 79.82 80.76 87.68 73.45 80.91 79.51 79.47 100 76.26 93.55 74.79 73.92 73.43 93.86 79.72 79.05 80.67 74.99 80.25 78.86 79.61 81.18 78.58 79.78 80.35 79.93 88.59 80.27 80.99 80.1 81.72 93.89 93.7 93.77 80.55 74.59 75.16 79.77 79.54 79.39 80.72 80.62 93.94 80.25 95.98 82.64 73.55 70.74 78.54 80.62 79.73 80.58 83.95 72.55 80.18 78.22 79.7 100 87.32
"Marinobacter_lipoliticus_BF04_CF_4" 76.08 74.42 74.49 76.08 74.51 74.62 74.09 69.81 94.35 75.92 76.19 74.85 76.1 77.57 75.31 76.18 72 75.85 74.85 74.61 76.26 100 75.94 93.87 72.2 71.12 76.14 74.75 74.25 75.5 93.8 74.77 74.62 74.92 77.77 73.63 78.07 75.35 74.67 76.42 74.88 75.28 75.17 75.75 76.18 76.03 75.95 75.23 94.06 94.01 74.08 78.16 74.54 76.71 75.16 76.07 76.94 76.34 75.95 71.16 69.66 74.04 75.4 78.35 74.24 76.48 71.97 75.3 74.7 76.72 76.27 76.27
"Marinobacter_sp_IN6" 96.44 80.05 79.09 97.54 79.24 79.55 79.16 70.2 74.81 95.86 97.21 80.08 93.33 79.82 80.17 87.22 73.7 80.81 79.21 79.63 93.55 75.94 100 74.7 73.75 73.2 97.3 79.23 78.94 79.93 75.07 79.81 78.57 79.13 80.97 78.48 79.76 79.95 79.75 87.99 79.74 80.87 80.01 81.94 92.64 97.47 96.5 79.84 74.47 74.78 79.4 79.63 79.17 80.29 79.93 97.8 80.3 93.38 82.43 73.37 70.5 78.19 80.37 79.62 80.46 83.43 72.18 80.05 78.24 79.46 93.57 86.78
"Marinobacter_sp_ELB17" 74.92 73 73.19 75 73.36 73.63 73.09 68.14 94.79 74.87 74.82 73.54 74.99 76.7 73.84 75.23 70.7 74.16 73.71 73.54 74.79 93.87 74.7 100 70.7 70.08 75.26 73.4 73.29 74.54 93.69 73.62 73.37 73.86 76.76 72.61 77.44 74.08 73.42 75.3 73.67 74.15 74.24 74.77 74.98 74.96 74.91 73.67 94.61 93.63 73.07 77.18 73.33 75.5 73.79 74.87 75.49 75.07 74.88 69.52 68.01 72.86 73.81 77.61 73.06 75.29 70.74 74.27 73.4 75.48 74.73 74.94
"Marinobacter_mobilis_GCMCC_1_7059" 73.93 73.28 72.51 73.81 74.01 74.22 74.27 69.87 70.67 74.11 74.05 73.62 73.99 72.74 73.42 73.93 84.8 73.77 74.24 74.07 73.92 72.2 73.75 70.7 100 71.35 73.81 73.74 73.67 73.68 70.87 73.08 72.82 74.04 73.15 73.42 72.36 73.37 73 73.96 73.12 74.53 73.43 73.3 74.01 73.85 73.59 73 70.43 70.93 73.89 72.21 73.92 73.07 73.19 73.94 72.83 74.04 73.92 71.36 69.86 72.65 74.04 72.29 73.24 73.74 72.96 73.66 74.95 72.38 73.79 73.99
"Marinobacter_dagiaonensis_CGMCC_1_9167" 73 72.45 71.78 73.39 72.86 73.08 73.04 69.19 69.83 73.23 73.36 72.29 72.92 71.57 72.57 73.17 71.29 72.24 73.08 72.97 73.43 71.12 73.2 70.08 71.35 100 73.27 73.25 72.7 72.91 70.04 72.08 71.86 73.11 71.71 72.12 71.4 72.37 72.18 73.19 72.23 73.48 72.54 72.02 73.05 73.45 73.09 72.46 69.9 70.01 73 71.29 73.27 71.91 72.33 73.48 71.66 73.28 73 80.76 69.8 72.08 73.12 71.27 72.39 72.75 70.39 72.76 73.22 71.39 73.43 73.36
"Marinobacter_flavimaris" 97.18 80.78 79.24 97.87 79.16 79.47 79.42 70.55 75.17 96.57 97.75 79.94 93.93 79.91 80.4 87.33 73.57 81.05 79.54 80 93.86 76.14 97.3 75.26 73.81 73.27 100 79.8 79.56 80.48 75.19 80.37 78.78 79.4 81.33 78.5 79.85 80.34 80.07 88.41 80.07 81.39 80.26 81.9 92.96 97.71 96.74 80.11 74.81 75.08 79.6 79.74 79.62 80.54 80.41 97.27 80.31 93.59 82.63 73.69 70.82 78.39 80.48 79.57 80.47 83.79 72.57 80.22 78.65 79.64 93.86 87.02
"Marinobacter_sp_HL_58" 79.28 76.92 76.49 79.74 85.88 86.21 86.39 70.21 73.44 79.66 79.66 76.95 79.42 76.76 77.34 79.33 73.86 77.26 86.38 86.22 79.72 74.75 79.23 73.4 73.74 73.25 79.8 100 85.78 77.52 73.59 77.13 76.32 86.25 77.42 75.65 76.7 77.37 77.15 79.64 76.93 80.52 77 77.73 79.78 79.8 79.29 76.94 73.17 73.71 86.04 76.55 86.34 77.45 76.9 79.64 76.77 79.81 78.66 73.12 70.6 76.02 80.21 76.5 77.09 78.79 72.9 77.14 77.59 76.52 79.73 78.91
".faa" 78.75 76.56 75.7 79.11 97.76 98.2 98.35 70.84 72.98 78.57 79.31 76.74 79.12 76.52 76.72 78.95 73.57 77.05 95.78 100 79.05 74.25 78.94 73.29 73.67 72.7 79.56 85.78 100 76.81 73.15 77.03 75.47 98.49 77.36 75.47 76.31 76.79 76.55 79.71 76.36 80.8 77.06 78.21 79.21 79.08 78.22 76.48 73.04 73.22 98.83 76.07 97.6 76.34 76.57 78.99 76.61 79.29 78.18 72.82 70.68 75.66 80.2 76 76.77 78.65 71.84 76.74 77.51 76.19 79.05 78.66
"Marinobacter_sp_ES_1" 79.86 85.38 83.21 80.49 77.38 77.53 77.36 70.22 74.58 80.22 80.49 78.73 79.94 77.88 86.1 80 73.74 79.05 77.46 77.4 80.67 75.5 79.93 74.54 73.68 72.91 80.48 77.52 76.81 100 74.87 84.9 83.22 77.4 78.45 78.02 77.6 85.86 84.82 79.92 85.06 79.06 97.12 78.76 80.29 80.49 79.96 85.77 74.38 74.85 77.41 77.64 77.22 78.6 85.43 80.34 77.89 80.27 80.68 73.65 70.2 81.13 78.26 77.41 85.97 79.01 72.62 97.49 77.53 77.72 80.67 79.9
"Marinobacter_sp_LV10R520_4" 75.09 73.88 73.51 75.03 73.51 73.76 73.77 68.34 93.04 74.94 75.01 73.75 74.84 76.76 74.34 74.76 70.53 74.37 73.64 73.55 74.99 93.8 75.07 93.69 70.87 70.04 75.19 73.59 73.15 74.87 100 74.02 73.75 73.96 76.86 73.23 77.51 74.33 73.94 75.23 73.84 74.35 74.39 74.55 75.11 75.03 74.97 74.1 92.85 98.69 73.71 77.83 73.74 76.31 74.18 75.26 76.09 75.53 74.82 69.67 68.37 73.34 74.05 77.99 74.35 75.15 71.35 74.61 73.6 76.13 75.06 75.02
"Marinobacter_sp_LQ44" 79.53 84.48 86.4 80.36 77.03 77.22 77.07 69.89 73.85 80.01 80.42 78.57 79.6 77.01 84.68 79.57 73.11 78.46 77.05 77.34 80.25 74.77 79.81 73.62 73.08 72.08 80.37 77.13 77.03 84.9 74.02 100 82.03 77 77.84 77.2 76.7 84.44 95.94 79.74 96.67 78.73 84.71 78.47 79.95 80.69 79.61 84.34 73.48 73.88 77 76.65 77.04 77.75 84.26 80.53 77.19 79.97 80.09 73.4 70.03 80.71 77.95 76.71 84.61 79.06 71.63 85.17 77.27 77.08 80.25 79.62
"Marinobacter_daepoensis_DSM_16072" 78.63 86.99 81.18 78.91 75.77 76.03 76.1 69.04 73.56 78.83 78.63 77.96 78.54 76.67 87.24 78.65 73.07 78.18 76.01 75.93 78.86 74.62 78.57 73.37 72.82 71.86 78.78 76.32 75.47 83.22 73.75 82.03 100 76.02 77.38 77.1 76.5 87.36 82.02 78.63 82.31 77.62 82.94 77.51 78.97 78.94 78.57 87.03 73.26 73.71 75.82 76.32 75.97 77.33 87.05 78.84 76.75 78.97 79.47 72.21 69.58 79.43 77.06 76.34 86.9 78.25 71.96 82.7 76.08 76.6 78.85 78.9
"Marinobacter_sp_HK15" 79.49 76.86 76.08 79.83 97.77 98.12 98.88 70.91 73.73 79.44 79.62 77.22 79.66 77.08 77.21 79.41 74.11 77.32 96.19 98.45 79.61 74.92 79.13 73.86 74.04 73.11 79.4 86.25 98.49 77.4 73.96 77 76.02 100 77.93 75.99 76.84 77.08 76.85 79.63 76.95 81.1 77.36 78.42 79.81 79.79 79.29 76.8 73.5 73.94 98.78 76.62 98.03 77.32 76.83 79.32 77.12 79.6 78.54 73.13 71.12 76.04 80.64 76.92 76.92 79.3 72.76 77.27 77.8 76.77 79.6 78.99
"Marinobacter_antarcticus_CGMCC1_10835" 81.06 77.89 77.38 81.19 77.66 77.89 77.86 70.16 76.51 81.14 81.08 77.98 81.05 88.27 78.03 80.79 73.28 79.06 77.88 77.75 81.18 77.77 80.97 76.76 73.15 71.71 81.33 77.42 77.36 78.45 76.86 77.84 77.38 77.93 100 76.91 88.7 77.94 77.83 81.21 77.89 78.93 78.23 79.83 81.15 81.13 80.99 77.87 76.35 77.13 77.75 88.66 77.67 87.2 77.88 81.13 88.41 81.22 79.88 71.83 70.05 76.22 78.46 88.7 77.81 81.37 72.41 78.09 76.85 86.28 81.18 80.55
"Marinobacter_lutaoensis_T5054" 78.06 76.96 76.4 78.68 75.76 75.98 75.3 69.89 73.21 78.64 78.56 79.38 78.49 76.18 78.2 78.62 73.35 78.3 75.96 76.03 78.58 73.63 78.48 72.61 73.42 72.12 78.5 75.65 75.47 78.02 73.23 77.2 77.1 75.99 76.91 100 75.93 77.84 77.28 78.66 77.18 77.35 77.63 77.55 78.71 78.66 78.26 77.84 73 73.36 75.42 75.75 75.87 76.99 77.87 78.57 76.53 78.57 80.97 72.42 70.42 76.65 76.89 75.74 77.28 78.35 72.4 77.44 76.74 75.95 78.57 78.96
"Marinobacter_sp_LV10R510_11A" 79.5 76.9 76.69 79.95 76.4 76.69 76.87 69.84 76.31 80.05 79.69 77 79.92 89.1 77.08 79.55 72.55 78.08 76.62 76.62 79.78 78.07 79.76 77.44 72.36 71.4 79.85 76.7 76.31 77.6 77.51 76.7 76.5 76.84 88.7 75.93 100 76.97 76.94 80.15 76.89 77.75 77.24 78.47 79.86 79.86 79.61 76.88 75.96 77.42 76.55 99.1 76.62 86.09 77.03 79.73 86.47 79.97 78.76 71.6 69.7 75.51 77.71 97.61 76.73 79.66 72.4 77.15 75.88 86.19 79.77 79.47
"Marinobacter_sp_C1S70" 80.17 97.04 82.54 80.23 77 77.24 77.08 69.8 74.08 80.3 80.49 78.84 80.02 77.65 98.04 79.84 73.6 78.99 77.13 77.05 80.35 75.35 79.95 74.08 73.37 72.37 80.34 77.37 76.79 85.86 74.33 84.44 87.36 77.08 77.94 77.84 76.97 100 84.53 79.89 84.45 78.88 85.09 78.72 80.43 80.29 80.04 97.74 73.84 74.33 77.17 76.93 77.22 78.33 97.85 80.45 77.81 80.41 80.81 73.08 69.97 80.6 78.21 76.94 97.69 79.39 72.3 85.14 77.17 77.36 80.35 80.08
"Marinobacter_hydrocarbonoclasticus_STW2" 79.48 84.08 86.32 80.07 76.73 77.02 76.97 69.35 73.6 80.12 80 78.44 79.57 77.12 84.55 79.69 73.14 78.39 76.93 76.95 79.93 74.67 79.75 73.42 73 72.18 80.07 77.15 76.55 84.82 73.94 95.94 82.02 76.85 77.83 77.28 76.94 84.53 100 79.74 96.21 78.4 84.23 77.92 79.62 80.13 79.38 84.04 73.37 73.97 76.47 76.94 76.68 77.31 84.17 80.14 77.44 80.12 80.1 72.74 69.95 80.25 78.1 76.76 84.78 78.91 71.63 84.48 77.05 77.31 79.93 79.81
"Marinobacter_guineae_strain_M3B" 88.27 79.66 79.27 88.24 79.39 79.63 79.62 70.26 75.24 87.96 88.25 80.23 88.4 80.3 80.12 89.29 73.63 80.86 79.58 79.91 88.59 76.42 87.99 75.3 73.96 73.19 88.41 79.64 79.71 79.92 75.23 79.74 78.63 79.63 81.21 78.66 80.15 79.89 79.74 100 79.93 80.77 79.69 81.58 88.17 88.22 87.96 79.69 75.02 75.36 79.66 79.87 79.58 80.37 79.76 88.27 80.34 88.64 82.8 73.11 70.42 77.91 80.45 80.01 79.39 83.77 72.46 79.59 78.14 79.56 88.59 86.03
"Marinobacter_excellens_LAMA_842" 79.82 84.46 86.72 80.26 76.72 77.04 77.08 69.72 73.92 80.2 80.12 78.31 79.57 77.08 84.42 79.75 73.22 78.44 77 76.94 80.27 74.88 79.74 73.67 73.12 72.23 80.07 76.93 76.36 85.06 73.84 96.67 82.31 76.95 77.89 77.18 76.89 84.45 96.21 79.93 100 78.42 84.7 78.07 79.98 80.12 79.69 83.95 73.45 73.97 76.65 76.67 76.74 77.6 84.11 80.25 77.22 80.06 79.98 72.67 69.92 80.19 77.81 76.79 84.2 78.94 71.8 84.85 76.98 76.99 80.12 79.5
"Marinobacter_sp_FDB33" 80.76 78.86 77.73 81.53 80.78 81.12 81.05 71.34 74.07 81.04 81.2 78.58 80.62 77.72 78.88 80.43 74.28 78.96 81.02 81.15 80.99 75.28 80.87 74.15 74.53 73.48 81.39 80.52 80.8 79.06 74.35 78.73 77.62 81.1 78.93 77.35 77.75 78.88 78.4 80.77 78.42 100 78.83 79.75 80.96 81.63 80.82 78.65 74.03 74.17 81.15 77.58 80.94 78.55 78.71 81.55 78.01 81.12 80.06 74.02 71.37 77.55 89.9 77.49 78.94 80.41 72.71 79.46 78.81 77.64 80.99 80.38
"Marinobacter_sp_P4B1" 79.62 85.08 82.95 80.48 77.2 77.48 77.3 70.24 74.36 79.95 80.06 78.58 79.87 77.69 85.32 79.63 73.65 78.65 77.44 77.43 80.1 75.17 80.01 74.24 73.43 72.54 80.26 77 77.06 97.12 74.39 84.71 82.94 77.36 78.23 77.63 77.24 85.09 84.23 79.69 84.7 78.83 100 78.66 79.84 80.66 79.74 85.23 74.3 74.35 77.13 77.12 77.12 77.75 85 80.15 77.34 79.99 80.51 73.58 70.41 80.73 78.15 77.07 85.21 79.05 72.05 97.47 77.82 77.42 80.09 79.57
"Marinobacter_sp_DG879" 81.86 78.52 77.57 82.41 78.29 78.52 78.46 70.45 74.78 81.99 82.5 78.89 81.75 78.53 78.88 81.4 73.44 80.78 78.39 78.54 81.72 75.75 81.94 74.77 73.3 72.02 81.9 77.73 78.21 78.76 74.55 78.47 77.51 78.42 79.83 77.55 78.47 78.72 77.92 81.58 78.07 79.75 78.66 100 81.9 82.42 82.05 78.33 74.66 74.57 78.56 78.41 78.54 78.96 78.39 82.14 78.87 81.9 80.67 72.76 70.73 77.25 79.09 78.4 78.64 83.53 72.02 78.71 77.63 78.38 81.72 81.33
"Marinobacter_adhaerens_strain_PBVC038" 93.28 80.44 79.31 92.94 79.23 79.43 79.85 70.45 74.91 92.76 92.92 80.26 92.88 80 80.58 87.28 73.97 81.36 79.93 79.81 93.89 76.18 92.64 74.98 74.01 73.05 92.96 79.78 79.21 80.29 75.11 79.95 78.97 79.81 81.15 78.71 79.86 80.43 79.62 88.17 79.98 80.96 79.84 81.9 100 92.91 92.83 80.17 74.59 75.11 80.41 79.67 79.77 81.23 80.42 92.76 80.19 93.69 82.82 73.04 70.89 78.37 80.57 79.76 80.12 83.81 72.55 80.04 78.53 79.66 93.89 87.3
"Marinobacter_sp_CP1" 96.68 80.64 79.28 100 79.42 79.68 79.54 70.97 74.92 96.1 97.52 80.17 93.88 79.94 80.73 87.4 73.8 81.12 79.6 79.68 93.7 76.03 97.47 74.96 73.85 73.45 97.71 79.8 79.08 80.49 75.03 80.69 78.94 79.79 81.13 78.66 79.86 80.29 80.13 88.22 80.12 81.63 80.66 82.42 92.91 100 96.79 80.4 74.83 75.15 80.46 79.79 79.79 80.81 80.49 97.53 80.29 93.6 82.87 73.88 70.6 78.75 80.42 79.62 80.88 83.89 72.4 80.68 78.87 79.76 93.61 87.13
"Marinobacter_sp_YWL01" 98.41 80.07 78.96 97.01 78.89 79.18 79.29 70.28 74.92 96.92 96.72 79.88 93.94 79.88 80.35 87.21 73.64 80.8 79.41 78.78 93.77 75.95 96.5 74.91 73.59 73.09 96.74 79.29 78.22 79.96 74.97 79.61 78.57 79.29 80.99 78.26 79.61 80.04 79.38 87.96 79.69 80.82 79.74 82.05 92.83 96.79 100 80.02 74.59 75.04 79.15 79.52 79.26 80.36 80.32 96.31 79.99 93.01 82.65 72.92 70.78 78.18 80.3 79.68 80.05 83.8 72.33 79.76 78.04 79.57 93.77 86.96
"Marinobacter_sp_EVN1" 80.14 97.11 82.33 80.35 76.82 77.11 76.97 69.65 73.93 80.13 80.34 78.92 79.76 77.3 97.7 79.59 73.1 78.83 77.05 76.87 80.55 75.23 79.84 73.67 73 72.46 80.11 76.94 76.48 85.77 74.1 84.34 87.03 76.8 77.87 77.84 76.88 97.74 84.04 79.69 83.95 78.65 85.23 78.33 80.17 80.4 80.02 100 73.88 74 77.03 76.79 76.69 78.09 97.9 80.29 77.43 80.33 80.38 72.76 70.06 80.55 78.16 76.65 97.47 79.16 71.84 85.06 76.89 77.1 80.55 79.86
"Marinobacter_psychrophilus_20041" 74.59 73.59 73.05 74.84 73.12 73.29 73.33 68.01 97.34 74.89 74.67 73.45 74.54 76.03 73.78 74.92 70.66 74.1 73.41 73.35 74.59 94.06 74.47 94.61 70.43 69.9 74.81 73.17 73.04 74.38 92.85 73.48 73.26 73.5 76.35 73 75.96 73.84 73.37 75.02 73.45 74.03 74.3 74.66 74.59 74.83 74.59 73.88 100 92.95 73.31 76 73.18 75.32 73.74 74.54 75.36 74.76 74.64 69.44 67.9 73.14 73.81 76.05 73.45 75.03 70.79 74.06 73.5 75.37 74.62 74.62
"Marinobacter_sp_LV10MA510_1" 75.13 73.99 73.65 75.19 73.52 73.78 73.93 68.4 93.14 75.16 74.89 73.94 75.01 76.95 74.28 74.99 70.96 74.42 73.9 73.71 75.16 94.01 74.78 93.63 70.93 70.01 75.08 73.71 73.22 74.85 98.69 73.88 73.71 73.94 77.13 73.36 77.42 74.33 73.97 75.36 73.97 74.17 74.35 74.57 75.11 75.15 75.04 74 92.95 100 73.91 77.82 73.71 76.3 74.15 75.06 76.03 75.46 74.9 69.74 68.41 73.32 74.08 78.21 73.9 75.36 71.31 74.53 73.42 76.19 75.2 74.79
"Marinobacter_sp_C18" 79.35 76.11 75.85 80.23 98.02 98.41 97.24 71.45 73.48 79.45 79.95 77.02 79.6 76.94 77.29 79.4 74 77.31 95.69 98.89 79.77 74.08 79.4 73.07 73.89 73 79.6 86.04 98.83 77.41 73.71 77 75.82 98.78 77.75 75.42 76.55 77.17 76.47 79.66 76.65 81.15 77.13 78.56 80.41 80.46 79.15 77.03 73.31 73.91 100 76.36 97.94 77.98 76.84 79.68 76.84 79.65 78.52 73.37 70.82 76.27 80.63 76.56 76.15 79.03 72.66 77.12 77.84 76.52 79.78 78.98
"Marinobacter_sp_LV10R510_8" 79.34 76.8 76.61 79.83 76.25 76.52 76.63 69.7 76.23 79.84 79.59 76.93 79.77 88.93 77.05 79.38 72.43 78.01 76.49 76.5 79.54 78.16 79.63 77.18 72.21 71.29 79.74 76.55 76.07 77.64 77.83 76.65 76.32 76.62 88.66 75.75 99.1 76.93 76.94 79.87 76.67 77.58 77.12 78.41 79.67 79.79 79.52 76.79 76 77.82 76.36 100 76.42 85.98 76.77 79.64 86.35 79.91 78.71 71.47 69.54 75.43 77.57 97.49 76.59 79.37 72.38 77.1 75.87 85.89 79.56 79.26
"Marinobacter_sp_MCTG268" 79.52 76.85 76.14 79.69 97.52 97.91 98.05 71 73.49 79.29 80.04 77.18 79.35 76.87 77.03 79.19 74.16 77.51 95.6 97.91 79.39 74.54 79.17 73.33 73.92 73.27 79.62 86.34 97.6 77.22 73.74 77.04 75.97 98.03 77.67 75.87 76.62 77.22 76.68 79.58 76.74 80.94 77.12 78.54 79.77 79.79 79.26 76.69 73.18 73.71 97.94 76.42 100 77.08 76.72 79.59 76.88 79.63 78.56 73.39 70.96 76.27 80.69 76.38 76.77 79.23 72.61 77.41 77.61 76.51 79.41 79.07
"Marinobacter_aromaticivorans_strain_D15_8P" 80.43 77.94 77.26 80.67 76.97 77.23 77.15 69.85 75.59 80.59 80.45 77.72 80.34 86.88 78.34 79.99 72.92 78.54 77.12 76.97 80.72 76.71 80.29 75.5 73.07 71.91 80.54 77.45 76.34 78.6 76.31 77.75 77.33 77.32 87.2 76.99 86.09 78.33 77.31 80.37 77.6 78.55 77.75 78.96 81.23 80.81 80.36 78.09 75.32 76.3 77.98 85.98 77.08 100 78.03 80.71 86.18 80.82 79.53 72.16 69.9 76.72 77.89 86.04 77.94 80.21 72.77 77.92 76.5 86.62 80.72 80.12
"Marinobacter_hydrocarbonoclasticus_ATCC_49840" 80.31 97.32 82.42 80.35 76.54 76.83 76.89 69.46 73.9 80.22 80.26 78.64 80 77.44 97.87 79.73 73.32 78.76 76.85 77 80.62 75.16 79.93 73.79 73.19 72.33 80.41 76.9 76.57 85.43 74.18 84.26 87.05 76.83 77.88 77.87 77.03 97.85 84.17 79.76 84.11 78.71 85 78.39 80.42 80.49 80.32 97.9 73.74 74.15 76.84 76.77 76.72 78.03 100 80.32 77.62 80.34 80.48 72.59 69.99 80.52 78.03 76.98 97.56 79.14 72.14 84.98 77.04 77.28 80.62 79.91
"Marinobacter_manganoxydans_MnI7_9" 96.31 80.69 79.27 97.64 79.21 79.42 79.39 70.95 74.91 95.89 97.33 80.18 93.65 80.08 80.71 87.39 73.95 81.01 79.39 79.47 93.94 76.07 97.8 74.87 73.94 73.48 97.27 79.64 78.99 80.34 75.26 80.53 78.84 79.32 81.13 78.57 79.73 80.45 80.14 88.27 80.25 81.55 80.15 82.14 92.76 97.53 96.31 80.29 74.54 75.06 79.68 79.64 79.59 80.71 80.32 100 80.28 93.61 82.7 73.84 70.72 78.43 80.35 79.52 80.7 83.77 72.33 80.31 78.73 79.62 93.94 87.14
"Marinobacter_sp_ANT_B65" 79.83 77.59 76.63 80.31 76.91 77.1 77.11 69.61 75.47 80.17 80.24 77.49 79.96 86.14 77.79 79.91 72.81 78.57 77 77.14 80.25 76.94 80.3 75.49 72.83 71.66 80.31 76.77 76.61 77.89 76.09 77.19 76.75 77.12 88.41 76.53 86.47 77.81 77.44 80.34 77.22 78.01 77.34 78.87 80.19 80.29 79.99 77.43 75.36 76.03 76.84 86.35 76.88 86.18 77.62 80.28 100 80.51 79.37 71.89 69.65 75.88 77.61 86.11 77.59 79.98 72.21 77.48 76.73 85.05 80.25 79.91
"Marinobacter_sp_N4" 93.37 80.22 79.3 93.75 79.27 79.52 79.58 70.22 75.06 93.09 93.8 80.4 93.84 80.3 80.59 87.81 73.97 81.06 79.52 79.61 95.98 76.34 93.38 75.07 74.04 73.28 93.59 79.81 79.29 80.27 75.53 79.97 78.97 79.6 81.22 78.57 79.97 80.41 80.12 88.64 80.06 81.12 79.99 81.9 93.69 93.6 93.01 80.33 74.76 75.46 79.65 79.91 79.63 80.82 80.34 93.61 80.51 100 82.75 73.24 70.76 78.24 80.71 79.94 80.55 83.77 72.66 80.03 78.47 79.72 95.98 87.42
"Marinobacter_pelagius_CGMCC_1_6775" 82.45 80.33 79.16 82.89 78.39 78.65 78.75 70.42 74.9 82.41 82.65 83.13 82.5 79.02 80.83 82.27 73.89 81.43 78.68 78.63 82.64 75.95 82.43 74.88 73.92 73 82.63 78.66 78.18 80.68 74.82 80.09 79.47 78.54 79.88 80.97 78.76 80.81 80.1 82.8 79.98 80.06 80.51 80.67 82.82 82.87 82.65 80.38 74.64 74.9 78.52 78.71 78.56 79.53 80.48 82.7 79.37 82.75 100 73.65 71.02 78.89 79.67 78.64 80.27 82.06 72.75 80.4 78.78 78.79 82.65 82.26
"Marinobacter_segnicrescens_CGMCC_1_6489" 72.82 73.1 72.03 73.66 73.1 73.29 73.12 69.48 69.63 73.12 73.72 72.38 72.73 71.96 73.07 73.19 71.43 72.37 73.14 73.48 73.55 71.16 73.37 69.52 71.36 80.76 73.69 73.12 72.82 73.65 69.67 73.4 72.21 73.13 71.83 72.42 71.6 73.08 72.74 73.11 72.67 74.02 73.58 72.76 73.04 73.88 72.92 72.76 69.44 69.74 73.37 71.47 73.39 72.16 72.59 73.84 71.89 73.24 73.65 100 69.57 73.23 73.27 71.29 73.34 72.29 70.41 73.66 74.03 71.74 73.55 73.22
"Marinobacter_nanhaiticus_D15_8W" 71.09 70.21 69.07 70.52 70.61 70.84 71.07 76.32 68.25 70.42 70.79 70.39 70.68 69.44 70.25 70.98 70 70.56 70.88 70.94 70.74 69.66 70.5 68.01 69.86 69.8 70.82 70.6 70.68 70.2 68.37 70.03 69.58 71.12 70.05 70.42 69.7 69.97 69.95 70.42 69.92 71.37 70.41 70.73 70.89 70.6 70.78 70.06 67.9 68.41 70.82 69.54 70.96 69.9 69.99 70.72 69.65 70.76 71.02 69.57 100 70.08 71.14 69.42 69.94 70.69 69.32 70.53 71.39 69.46 70.74 70.8
"Marinobacter_persicus_IBRC_M_10445" 78.24 80.39 79.19 78.55 76.01 76.27 76.01 69.71 73.16 77.91 78.64 77.09 78.08 75.82 80.9 77.79 72.8 77.04 75.85 76.15 78.54 74.04 78.19 72.86 72.65 72.08 78.39 76.02 75.66 81.13 73.34 80.71 79.43 76.04 76.22 76.65 75.51 80.6 80.25 77.91 80.19 77.55 80.73 77.25 78.37 78.75 78.18 80.55 73.14 73.32 76.27 75.43 76.27 76.72 80.52 78.43 75.88 78.24 78.89 73.23 70.08 100 76.76 75.57 80.77 77.35 71.49 81.23 75.53 75.87 78.54 78.12
"Marinobacter_lipolyticus_SM19" 80.35 78.07 77.41 80.44 80.37 80.6 80.67 70.61 74.03 80.53 80.49 78.27 80.61 77.62 78.24 80.38 74.04 78.77 80.56 80.6 80.62 75.4 80.37 73.81 74.04 73.12 80.48 80.21 80.2 78.26 74.05 77.95 77.06 80.64 78.46 76.89 77.71 78.21 78.1 80.45 77.81 89.9 78.15 79.09 80.57 80.42 80.3 78.16 73.81 74.08 80.63 77.57 80.69 77.89 78.03 80.35 77.61 80.71 79.67 73.27 71.14 76.76 100 77.56 78.06 80.24 72.5 78.26 78.1 77.4 80.61 80.35
"Marinobacter_sp_LVR2A5A20" 79.7 76.54 76.75 79.7 76.38 76.63 76.77 69.67 76.25 79.82 79.32 76.89 79.82 88.9 76.97 79.31 72.41 78.04 76.84 76.37 79.73 78.35 79.62 77.61 72.29 71.27 79.57 76.5 76 77.41 77.99 76.71 76.34 76.92 88.7 75.74 97.61 76.94 76.76 80.01 76.79 77.49 77.07 78.4 79.76 79.62 79.68 76.65 76.05 78.21 76.56 97.49 76.38 86.04 76.98 79.52 86.11 79.94 78.64 71.29 69.42 75.57 77.56 100 76.63 79.53 72.09 77.06 75.62 85.82 79.72 79.36
"Marinobacter_hydrocarbonoclasticus_ASM1536" 79.95 97.15 82.31 80.71 76.99 77.1 76.27 69.58 73.66 80.41 80.87 78.64 79.82 77.39 97.53 79.93 73.26 78.81 76.84 77.1 80.58 74.24 80.46 73.06 73.24 72.39 80.47 77.09 76.77 85.97 74.35 84.61 86.9 76.92 77.81 77.28 76.73 97.69 84.78 79.39 84.2 78.94 85.21 78.64 80.12 80.88 80.05 97.47 73.45 73.9 76.15 76.59 76.77 77.94 97.56 80.7 77.59 80.55 80.27 73.34 69.94 80.77 78.06 76.63 100 78.89 72.02 85.53 76.98 77.54 80.58 79.97
"Marinobacter_salinus_Hb8" 83.75 79.16 78.5 83.86 78.98 79.28 79.2 70.43 75.39 83.67 83.65 80.16 83.68 79.97 79.45 82.98 73.69 81.89 79.28 79.18 83.95 76.48 83.43 75.29 73.74 72.75 83.79 78.79 78.65 79.01 75.15 79.06 78.25 79.3 81.37 78.35 79.66 79.39 78.91 83.77 78.94 80.41 79.05 83.53 83.81 83.89 83.8 79.16 75.03 75.36 79.03 79.37 79.23 80.21 79.14 83.77 79.98 83.77 82.06 72.29 70.69 77.35 80.24 79.53 78.89 100 72.42 79.04 77.93 79.3 83.94 82.7
"Marinobacter_sp_X15_166B" 72.44 71.84 71.29 72.36 72.5 72.71 72.7 69.38 70.81 72.63 72.36 71.73 72.19 72.82 72.26 72.55 72.93 72.16 72.79 72.74 72.55 71.97 72.18 70.74 72.96 70.39 72.57 72.9 71.84 72.62 71.35 71.63 71.96 72.76 72.41 72.4 72.4 72.3 71.63 72.46 71.8 72.71 72.05 72.02 72.55 72.4 72.33 71.84 70.79 71.31 72.66 72.38 72.61 72.77 72.14 72.33 72.21 72.66 72.75 70.41 69.32 71.49 72.5 72.09 72.02 72.42 100 71.95 73.81 72.86 72.57 72.71
"Marinobacter_vinifirmus_FB1" 79.76 85.24 82.93 80.31 77.13 77.35 77.44 70.27 74.29 79.96 80.19 78.47 79.85 77.42 85.5 79.67 73.6 78.7 77.34 77.22 80.18 75.3 80.05 74.27 73.66 72.76 80.22 77.14 76.74 97.49 74.61 85.17 82.7 77.27 78.09 77.44 77.15 85.14 84.48 79.59 84.85 79.46 97.47 78.71 80.04 80.68 79.76 85.06 74.06 74.53 77.12 77.1 77.41 77.92 84.98 80.31 77.48 80.03 80.4 73.66 70.53 81.23 78.26 77.06 85.53 79.04 71.95 100 77.54 77.31 80.17 79.49
"Marinobacter_sp_PWS21" 78 77.07 75.92 78.81 77.51 77.84 77.88 71.05 73.71 77.99 78.85 77 77.61 76.48 77.17 78.02 75.09 77.19 77.89 77.97 78.22 74.7 78.24 73.4 74.95 73.22 78.65 77.59 77.51 77.53 73.6 77.27 76.08 77.8 76.85 76.74 75.88 77.17 77.05 78.14 76.98 78.81 77.82 77.63 78.53 78.87 78.04 76.89 73.5 73.42 77.84 75.87 77.61 76.5 77.04 78.73 76.73 78.47 78.78 74.03 71.39 75.53 78.1 75.62 76.98 77.93 73.81 77.54 100 75.9 78.22 78.09
"Marinobacter_salexigens_strain_HJR7" 79.5 77.17 76.7 79.77 76.32 76.6 76.85 69.32 75.55 79.65 79.61 76.99 79.48 86.85 77.62 79.22 72.37 77.98 76.52 76.62 79.7 76.72 79.46 75.48 72.38 71.39 79.64 76.52 76.19 77.72 76.13 77.08 76.6 76.77 86.28 75.95 86.19 77.36 77.31 79.56 76.99 77.64 77.42 78.38 79.66 79.76 79.57 77.1 75.37 76.19 76.52 85.89 76.51 86.62 77.28 79.62 85.05 79.72 78.79 71.74 69.46 75.87 77.4 85.82 77.54 79.3 72.86 77.31 75.9 100 79.7 79.17
"Marinobacter_sp_EhC06" 93.82 80.62 79.31 93.85 79.21 79.45 79.66 70.49 74.91 93.52 93.61 80.09 93.86 79.82 80.76 87.72 73.46 80.91 79.55 79.47 100 76.27 93.57 74.73 73.79 73.43 93.86 79.73 79.05 80.67 75.06 80.25 78.85 79.6 81.18 78.57 79.77 80.35 79.93 88.59 80.12 80.99 80.09 81.72 93.89 93.61 93.77 80.55 74.62 75.2 79.78 79.56 79.41 80.72 80.62 93.94 80.25 95.98 82.65 73.55 70.74 78.54 80.61 79.72 80.58 83.94 72.57 80.17 78.22 79.7 100 87.32
"Marinobacter_guaonensis_CGCC_1_6294" 87.05 79.99 78.68 87.17 78.77 79.01 79.08 70.25 74.87 86.95 87.04 80.27 86.62 79.35 80.31 85.76 74.03 81.14 79.05 79.01 87.32 76.27 86.78 74.94 73.99 73.36 87.02 78.91 78.66 79.9 75.02 79.62 78.9 78.99 80.55 78.96 79.47 80.08 79.81 86.03 79.5 80.38 79.57 81.33 87.3 87.13 86.96 79.86 74.62 74.79 78.98 79.26 79.07 80.12 79.91 87.14 79.91 87.42 82.26 73.22 70.8 78.12 80.35 79.36 79.97 82.7 72.71 79.49 78.09 79.17 87.32 100
